1
334 23
9502
3734
848
9248
3986
215
4314
0
0
11
5595
4444
8341
7407
8024
7000
4421
7271
7269
8541
518
826
2557
1939
0
5908
0
2733
0
638
6466
335
869
661
9746
7873
3973
5661
1696
2631
668
2857
0
2775
668
3425
6675
0
7046
1367
8101
5112
5953
3615
0
801
1010
8210
1445
1269
4301
8934
7904
4521
3506
7093
0
9900
7196
3776
9628
1638
811
9462
7798
5811
9130
0
8383
5251
0
7382
3166
1162
3734
9823
8127
1319
8657
1293
1705
843
2675
1016
0
369
8449
6305
1120
5404
1442
9739
553
1082
4303
1887
4110
0
8298
1987
0
6949
6920
2079
4814
4431
193
2804
0
9424
780
9891
159
5932
1777
0
5548
8755
4319
3319
8115
3614
7253
4858
1955
1439
7444
3345
2812
348
249
9179
856
6367
6833
4880
6927
5365
4590
1724
3616
7849
0
4831
5810
8612
6804
2103
0
4764
4663
7778
2158
1038
5199
906
2712
657
2374
6822
3774
7809
1907
2274
3133
9149
0
6067
943
3142
2361
7987
8977
7244
8916
6813
2974
670
3928
428
562
3286
3190
0
3469
7239
2285
4007
9857
7037
82
6539
9375
7143
3540
3525
2323
2955
6081
9798
3592
4798
6701
0
6430
7127
7529
5496
2303
6055
6217
6315
1752
7919
6950
1541
6445
1718
2379
0
3948
3725
7731
2172
2843
8506
5640
1903
3142
4949
4287
4291
2792
1835
2199
6987
2
5764
4138
6109
913
4539
546
1488
9682
7122
2005
7575
9640
7623
5764
0
373
5839
1190
8613
1950
5861
474
2253
3137
0
0
471
4442
8151
6803
8885
5642
17
6321
9737
0
3013
0
3525
0
9339
2446
6205
3867
6565
4485
5470
1015
1086
3637
7681
2724
7493
4855
4010
1440
3470
8804
7791
8313
0
429
4829
34
9401
8988
8166
0
7874
5088
3545
5644
4182
8254
9476
4002
3789
459
4292
3631
7478
6670
7134
8649
9526
7579
9682
